time_stamp	px_state	py_state	v_state	yaw_angle_state	yaw_rate_state	sensor_type	NIS	px_measured	py_measured	px_ground_truth	py_ground_truth	vx_ground_truth	vy_ground_truth
1477010443000000	0.312243	0.58034	1	1	0.1	lidar	0	0.312243	0.58034	0.6	0.6	5.19994	0
1477010443050000	0.637423	0.735886	4.65481	1.12823	0.1107	radar	16.4831	0.862916	0.534212	0.859997	0.600045	5.19975	0.00179686
1477010443100000	1.03655	0.612561	4.7668	0.0189778	0.00798154	lidar	5.13014	1.17385	0.481073	1.11998	0.600225	5.19943	0.00538996
1477010443150000	1.23992	0.512155	4.89691	0.0153349	0.0447647	radar	2.40302	0.969149	0.397513	1.37996	0.600629	5.19898	0.0107781
1477010443200000	1.54071	0.562565	4.93287	0.0687936	0.0734047	lidar	1.20532	1.65063	0.62469	1.6399	0.601347	5.19839	0.0179597
1477010443250000	1.78632	0.561691	5.32498	0.0827582	0.193738	radar	1.71596	1.62331	0.499091	1.89982	0.60247	5.19766	0.0269323
1477010443300000	2.08841	0.602518	5.36002	0.0995418	0.215866	lidar	0.760685	2.18882	0.648739	2.1597	0.604086	5.19678	0.0376932
1477010443350000	2.30945	0.643482	5.22967	0.139669	0.241638	radar	1.79374	1.96701	0.557117	2.41954	0.606284	5.19573	0.0502389
1477010443400000	2.58674	0.675848	5.25674	0.136271	0.194594	lidar	0.279642	2.65526	0.66598	2.67932	0.609155	5.1945	0.0645654
1477010443450000	2.86031	0.663818	5.29402	0.0743356	-0.0527267	radar	0.355565	2.92034	0.645898	2.93904	0.612786	5.19309	0.080668
1477010443500000	3.09978	0.670582	5.26844	0.0611581	-0.096711	lidar	0.492335	3.01222	0.637046	3.19869	0.617267	5.19147	0.0985415
1477010443550000	3.39284	0.56014	5.34199	-0.115119	-0.651426	radar	2.33586	3.56096	0.485311	3.45825	0.622685	5.18963	0.11818
1477010443600000	3.701	0.448347	5.42469	-0.251488	-0.958708	lidar	3.34014	3.89365	0.311793	3.71772	0.62913	5.18754	0.139576
1477010443650000	3.98156	0.536699	5.45036	-0.0968235	-0.359231	radar	3.69031	4.19786	0.698311	3.97708	0.636689	5.18519	0.162724
1477010443700000	4.26013	0.531093	5.4501	-0.0912093	-0.297148	lidar	0.278056	4.30935	0.578564	4.23632	0.645449	5.18256	0.187614
1477010443750000	4.51907	0.571376	5.34699	-0.0439662	-0.151963	radar	1.31085	4.61908	0.68951	4.49542	0.655498	5.17962	0.214238
1477010443800000	4.70655	0.688369	5.16402	0.0728135	0.132587	lidar	10.0281	4.35143	0.899174	4.75437	0.666921	5.17634	0.242587
1477010443850000	4.95847	0.686716	5.07635	0.0605398	0.0904528	radar	1.525	5.20901	0.66599	5.01315	0.679804	5.1727	0.272649
1477010443900000	5.26236	0.676952	5.16168	0.0399332	0.0368359	lidar	3.58733	5.51894	0.648233	5.27175	0.694234	5.16867	0.304413
1477010443950000	5.52332	0.683003	5.25413	0.040098	0.0378638	radar	1.68299	5.22834	0.639362	5.53013	0.710295	5.16422	0.337868
1477010444000000	5.82282	0.694386	5.31422	0.0403271	0.0342123	lidar	2.11238	6.022	0.708619	5.78828	0.728072	5.15932	0.372999
1477010444050000	6.06575	0.612878	5.18116	-0.0324571	-0.122543	radar	3.7168	5.89392	0.373584	6.04618	0.747647	5.15393	0.409793
1477010444100000	6.32053	0.735505	5.16712	0.0636852	0.0815624	lidar	3.29173	6.34249	0.948833	6.30379	0.769103	5.14803	0.448233
1477010444150000	6.57023	0.771262	5.11877	0.0820543	0.108755	radar	0.281447	6.62134	0.836138	6.5611	0.792523	5.14157	0.488305
1477010444200000	6.81893	0.763109	5.11048	0.0653957	0.0653688	lidar	0.240144	6.78214	0.714036	6.81808	0.817988	5.13452	0.52999
1477010444250000	7.06088	0.741932	4.97114	0.038775	0.00221978	radar	2.38761	7.29121	0.630741	7.07469	0.845578	5.12685	0.573269
1477010444300000	7.27666	0.835621	4.92345	0.103661	0.129087	lidar	2.16854	7.13735	0.957217	7.3309	0.875373	5.11851	0.618123
1477010444350000	7.57484	0.845309	5.15439	0.0942513	0.0976895	radar	5.29629	8.08349	0.819605	7.58668	0.907449	5.10946	0.664531
1477010444400000	7.82956	0.810153	5.14769	0.0543206	0.0104708	lidar	0.637097	7.80533	0.719126	7.84199	0.941886	5.09966	0.712469
1477010444450000	8.07802	0.825633	5.0341	0.054163	0.00435502	radar	2.24193	8.40453	0.884557	8.0968	0.978759	5.08907	0.761915
1477010444500000	8.31525	0.841524	5.01372	0.0569318	0.00943213	lidar	0.239326	8.24796	0.840322	8.35106	1.01814	5.07766	0.812843
1477010444550000	8.58577	0.956878	5.21288	0.134988	0.165574	radar	6.49257	8.45858	1.41118	8.60472	1.06011	5.06537	0.865226
1477010444600000	8.82545	1.01914	5.18789	0.164171	0.206275	lidar	0.412523	8.74615	1.04858	8.85775	1.10473	5.05216	0.919037
1477010444650000	9.11676	1.06368	5.26185	0.171532	0.198535	radar	6.86672	9.8809	1.1419	9.1101	1.15208	5.03798	0.974245
1477010444700000	9.35728	1.08743	5.22962	0.166885	0.171413	lidar	0.637546	9.25579	1.04913	9.36172	1.20223	5.0228	1.03082
1477010444750000	9.6359	1.17915	5.30372	0.207314	0.230859	radar	4.09747	10.1016	1.52474	9.61255	1.25524	5.00656	1.08873
1477010444800000	9.91053	1.3221	5.35701	0.27956	0.345104	lidar	2.11026	10.0484	1.44598	9.86254	1.31118	4.98922	1.14794
1477010444850000	10.1509	1.4495	5.23451	0.34435	0.452515	radar	4.0588	10.5377	1.72555	10.1117	1.37011	4.97074	1.20841
1477010444900000	10.3747	1.51134	5.18893	0.349779	0.421726	lidar	1.00106	10.2492	1.45907	10.3598	1.4321	4.95106	1.2701
1477010444950000	10.5986	1.62635	5.05421	0.401825	0.502753	radar	2.72071	10.9084	1.70343	10.6069	1.49721	4.93014	1.33298
1477010445000000	10.8267	1.61369	4.97518	0.349176	0.359862	lidar	2.38202	10.7313	1.45265	10.853	1.56549	4.90794	1.39701
1477010445050000	11.0975	1.66147	5.07817	0.326838	0.271477	radar	2.79723	11.4783	1.42876	11.0979	1.637	4.8844	1.46213
1477010445100000	11.3844	1.67492	5.10115	0.283725	0.165588	lidar	2.60798	11.587	1.61462	11.3416	1.71179	4.85948	1.52832
1477010445150000	11.6152	1.72711	5.02946	0.281955	0.150789	radar	0.735013	11.4763	1.53917	11.584	1.78992	4.83313	1.59551
1477010445200000	11.8451	1.77877	5.00175	0.277898	0.129069	lidar	0.300397	11.7788	1.74591	11.8251	1.87144	4.80531	1.66366
1477010445250000	12.1024	1.87672	5.13769	0.297254	0.143637	radar	1.47668	12.136	2.14937	12.0647	1.95639	4.77598	1.73273
1477010445300000	12.3513	1.8777	5.09902	0.250954	0.0440046	lidar	0.737697	12.3226	1.78353	12.3029	2.04482	4.74508	1.80265
1477010445350000	12.611	1.92832	5.18495	0.238986	0.0110865	radar	0.75113	12.5457	1.77728	12.5394	2.13677	4.71257	1.87338
1477010445400000	12.8067	2.08922	5.15598	0.318349	0.156638	lidar	3.26874	12.5924	2.17509	12.7743	2.23227	4.67842	1.94485
1477010445450000	13.0758	2.20415	5.31353	0.338136	0.163939	radar	2.85257	13.2198	2.6644	13.0075	2.33137	4.64258	2.01701
1477010445500000	13.2781	2.35966	5.28392	0.400432	0.26364	lidar	2.24844	13.0875	2.40708	13.2388	2.43409	4.605	2.08981
1477010445550000	13.4439	2.54851	5.09121	0.501623	0.458135	radar	10.0716	12.7087	3.12439	13.4682	2.54047	4.56565	2.16317
1477010445600000	13.6969	2.6397	5.11316	0.495202	0.403747	lidar	1.09358	13.836	2.62479	13.6955	2.65053	4.52448	2.23703
1477010445650000	13.9143	2.76302	5.10134	0.517257	0.4087	radar	0.0927917	13.8302	2.73893	13.9208	2.7643	4.48147	2.31134
1477010445700000	14.1431	2.90816	5.13127	0.546277	0.423334	lidar	0.308423	14.2106	2.94205	14.1439	2.88179	4.43656	2.38601
1477010445750000	14.3991	3.01185	5.25391	0.520458	0.303588	radar	1.70522	14.5568	2.87021	14.3646	3.00303	4.38974	2.46099
1477010445800000	14.6129	3.05198	5.14087	0.481135	0.207853	lidar	2.61633	14.4616	2.90734	14.583	3.12802	4.34097	2.5362
1477010445850000	14.8424	3.22045	5.2578	0.514942	0.235483	radar	3.37216	14.6754	3.96041	14.7989	3.25679	4.29021	2.61157
1477010445900000	15.0495	3.42327	5.30701	0.577203	0.326753	lidar	0.622066	15.0261	3.5067	15.0122	3.38932	4.23744	2.68703
1477010445950000	15.2529	3.61345	5.27383	0.636078	0.426603	radar	2.28858	15.3685	4.14761	15.2228	3.52563	4.18263	2.76249
1477010446000000	15.4683	3.792	5.30527	0.66762	0.444347	lidar	0.246729	15.5236	3.82936	15.4306	3.66572	4.12575	2.83789
1477010446050000	15.6798	3.927	5.27621	0.669237	0.407059	radar	1.25796	15.7234	3.4105	15.6355	3.80957	4.06678	2.91315
1477010446100000	15.9084	4.04545	5.24662	0.655248	0.34694	lidar	0.468731	15.9774	4.00094	15.8375	3.95719	4.00571	2.98817
1477010446150000	16.099	4.21635	5.16025	0.697933	0.426115	radar	1.50349	16.3376	4.21632	16.0363	4.10854	3.94251	3.0629
1477010446200000	16.2952	4.40651	5.19226	0.731383	0.447156	lidar	0.164984	16.3313	4.44499	16.2319	4.26363	3.87716	3.13723
1477010446250000	16.5077	4.56967	5.22889	0.733172	0.396173	radar	0.788333	16.7586	4.48231	16.4242	4.42242	3.80966	3.21109
1477010446300000	16.6876	4.72424	5.18517	0.744911	0.382607	lidar	0.517494	16.6039	4.67344	16.613	4.5849	3.74	3.28438
1477010446350000	16.8311	4.93059	5.04329	0.825826	0.561062	radar	3.1466	16.9236	5.10119	16.7983	4.75103	3.66817	3.35704
1477010446400000	16.9891	5.15628	5.09001	0.877279	0.601347	lidar	0.225644	16.9955	5.21099	16.9799	4.92077	3.59416	3.42897
1477010446450000	17.1624	5.3209	5.06276	0.882035	0.551327	radar	1.78336	17.3421	4.64623	17.1579	5.09409	3.51797	3.50008
1477010446500000	17.3212	5.48824	5.017	0.894423	0.526529	lidar	0.236498	17.2894	5.43542	17.3319	5.27094	3.4396	3.57028
1477010446550000	17.4802	5.6498	4.95473	0.90412	0.505163	radar	2.99964	17.6463	4.74597	17.5019	5.45128	3.35907	3.63949
1477010446600000	17.6802	5.74596	4.83458	0.862888	0.394786	lidar	1.91766	17.7853	5.62476	17.6679	5.63506	3.27637	3.70762
1477010446650000	17.8244	5.93859	4.7969	0.900935	0.45046	radar	0.527361	17.9216	6.07151	17.8297	5.82221	3.19151	3.77458
1477010446700000	17.9968	6.12939	4.82279	0.913325	0.432927	lidar	0.975023	18.1263	6.16985	17.9872	6.01269	3.10453	3.84027
1477010446750000	18.1494	6.33523	4.87461	0.931778	0.413062	radar	0.879395	18.1245	6.79027	18.1402	6.20641	3.01542	3.90462
1477010446800000	18.2641	6.58894	4.94799	0.990592	0.477698	lidar	0.575863	18.2164	6.66138	18.2888	6.40332	2.92421	3.96753
1477010446850000	18.3962	6.8049	4.96018	1.0188	0.486349	radar	0.198472	18.4022	7.02231	18.4328	6.60333	2.83093	4.0289
1477010446900000	18.5519	6.91849	4.80897	0.987668	0.395947	lidar	1.80055	18.5422	6.76013	18.572	6.80638	2.7356	4.08867
1477010446950000	18.7072	7.11832	4.87303	0.980092	0.314705	radar	0.762705	18.8089	7.24388	18.7064	7.01237	2.63825	4.14672
1477010447000000	18.9161	7.23924	4.78235	0.927628	0.202148	lidar	3.42187	19.1441	7.18344	18.8359	7.22122	2.53893	4.20299
1477010447050000	19.0034	7.43256	4.64949	0.986276	0.340089	radar	3.97839	18.5479	7.4012	18.9604	7.43283	2.43767	4.25737
1477010447100000	19.0799	7.72969	4.79246	1.0705	0.454368	lidar	1.83326	19.0138	7.8688	19.0798	7.64712	2.3345	4.3098
1477010447150000	19.2068	7.92774	4.80125	1.07198	0.399213	radar	0.326218	19.3089	7.67375	19.1939	7.86397	2.22949	4.36017
1477010447200000	19.2807	8.1544	4.80447	1.11536	0.437308	lidar	1.245	19.132	8.12845	19.3028	8.08329	2.12266	4.40842
1477010447250000	19.3846	8.35833	4.81727	1.11737	0.371802	radar	2.18121	19.0239	8.17194	19.4062	8.30497	2.01409	4.45445
1477010447300000	19.485	8.49382	4.66471	1.10626	0.325587	lidar	3.07865	19.347	8.30741	19.5042	8.5289	1.90381	4.49819
1477010447350000	19.5786	8.69486	4.62026	1.13241	0.362655	radar	0.472092	19.6843	8.35902	19.5966	8.75494	1.7919	4.53956
1477010447400000	19.7457	8.86528	4.58394	1.10204	0.28449	lidar	3.77186	20.0039	8.8906	19.6835	8.983	1.67841	4.57848
1477010447450000	19.819	9.08328	4.54496	1.15167	0.382067	radar	1.0849	19.6061	9.48659	19.7645	9.21294	1.56341	4.61488
1477010447500000	19.9446	9.32388	4.62309	1.16495	0.372519	lidar	3.3673	20.1574	9.45949	19.8398	9.44463	1.44697	4.64869
1477010447550000	19.9857	9.54914	4.56345	1.23769	0.520055	radar	2.10136	19.6163	9.76606	19.9093	9.67795	1.32916	4.67984
1477010447600000	20.0634	9.80373	4.63925	1.27343	0.535222	lidar	1.09038	20.1573	9.90876	19.9728	9.91275	1.21005	4.70826
1477010447650000	20.1272	10.056	4.73659	1.28922	0.468659	radar	7.61569	19.1911	11.5493	20.0303	10.1489	1.08972	4.73389
1477010447700000	20.1648	10.348	4.85511	1.34422	0.515898	lidar	0.99124	20.166	10.4687	20.0818	10.3863	0.968259	4.75666
1477010447750000	20.1747	10.5939	4.83749	1.41015	0.617721	radar	2.14561	19.6775	10.803	20.1271	10.6247	0.845742	4.77652
1477010447800000	20.227	10.8735	4.9218	1.44202	0.616767	lidar	2.12632	20.371	11.0109	20.1663	10.864	0.722256	4.7934
1477010447850000	20.2558	11.1391	4.99085	1.45783	0.545222	radar	4.98219	19.4335	12.3402	20.1993	11.1041	0.597892	4.80727
1477010447900000	20.2921	11.3711	4.95887	1.4762	0.53322	lidar	0.0783564	20.3164	11.3483	20.2261	11.3449	0.472738	4.81807
1477010447950000	20.2271	11.6318	4.93525	1.58758	0.764501	radar	8.39602	19.2063	12.2418	20.2466	11.5861	0.346889	4.82575
1477010448000000	20.3025	11.8574	4.88233	1.58172	0.70058	lidar	5.73039	20.6141	11.9422	20.2608	11.8275	0.220439	4.83027
1477010448050000	20.3373	12.0907	4.9027	1.54345	0.456987	radar	4.66621	19.966	11.9688	20.2687	12.0692	0.093487	4.83159
1477010448100000	20.3216	12.3855	5.01101	1.58098	0.474903	lidar	0.793951	20.3263	12.4966	20.2701	12.3108	-0.0338694	4.82968
1477010448150000	20.2663	12.6268	4.96388	1.662	0.65237	radar	2.54784	20.0192	12.4823	20.2652	12.5522	-0.161529	4.82451
1477010448200000	20.2977	12.853	4.904	1.66538	0.610744	lidar	2.33863	20.498	12.8924	20.254	12.7933	-0.28939	4.81605
1477010448250000	20.2892	13.0816	4.86874	1.68345	0.5865	radar	2.19123	20.9151	12.2555	20.2363	13.0339	-0.417348	4.80428
1477010448300000	20.2582	13.2838	4.78828	1.71042	0.584783	lidar	0.966851	20.1943	13.1688	20.2122	13.2738	-0.545298	4.78918
1477010448350000	20.2218	13.5187	4.79831	1.72461	0.522956	radar	1.34381	19.858	13.5236	20.1818	13.5129	-0.673135	4.77072
1477010448400000	20.2021	13.7798	4.84038	1.74204	0.50944	lidar	1.43614	20.3245	13.8896	20.1449	13.7509	-0.800753	4.74892
1477010448450000	20.147	14.0047	4.80946	1.78425	0.56654	radar	0.786248	20.3387	13.5307	20.1017	13.9878	-0.928043	4.72374
1477010448500000	20.0897	14.2636	4.86271	1.81407	0.567909	lidar	0.362955	20.1216	14.337	20.0521	14.2233	-1.0549	4.69521
1477010448550000	20.018	14.4931	4.86135	1.84214	0.554163	radar	1.32917	19.6717	14.4038	19.9962	14.4573	-1.18121	4.66331
1477010448600000	19.9043	14.7554	4.95082	1.88975	0.580998	lidar	0.960041	19.781	14.773	19.934	14.6897	-1.30687	4.62805
1477010448650000	19.8407	14.971	4.91145	1.89208	0.490111	radar	3.3296	20.1149	14.0165	19.8655	14.9202	-1.43177	4.58944
1477010448700000	19.8227	15.1785	4.81644	1.89045	0.456035	lidar	2.29882	20.0208	15.2053	19.7908	15.1486	-1.55581	4.54751
1477010448750000	19.6894	15.3824	4.76131	2.01096	0.796796	radar	7.03144	20.0157	15.3443	19.7099	15.3749	-1.67887	4.50226
1477010448800000	19.6685	15.5526	4.60383	2.01689	0.751396	lidar	3.57909	19.9131	15.554	19.6229	15.5989	-1.80085	4.45372
1477010448850000	19.5867	15.7496	4.57144	2.02727	0.661878	radar	1.57591	19.9388	15.0864	19.5298	15.8203	-1.92164	4.40193
1477010448900000	19.4753	15.9686	4.60919	2.06157	0.66237	lidar	0.105029	19.4748	16.0098	19.4307	16.039	-2.04114	4.3469
1477010448950000	19.3811	16.1737	4.60622	2.05443	0.517389	radar	2.01809	19.1556	16.0022	19.3257	16.2549	-2.15925	4.28868
1477010449000000	19.2728	16.3514	4.5578	2.08329	0.523121	lidar	0.419027	19.238	16.2719	19.2148	16.4679	-2.27586	4.22731
1477010449050000	19.1595	16.5424	4.54433	2.11448	0.543014	radar	0.237286	19.4007	16.2962	19.0981	16.6777	-2.39087	4.16284
1477010449100000	19.0207	16.7654	4.62211	2.14416	0.544802	lidar	0.36762	19.0029	16.8387	18.9757	16.8841	-2.50418	4.0953
1477010449150000	18.8624	16.9559	4.64778	2.23399	0.769098	radar	5.93795	18.8373	17.7112	18.8477	17.0872	-2.61571	4.02476
1477010449200000	18.6678	17.2087	4.83744	2.27715	0.770871	lidar	2.15568	18.6148	17.3832	18.7142	17.2866	-2.72534	3.95127
1477010449250000	18.5759	17.4126	4.76925	2.21013	0.419721	radar	6.23408	18.8177	17.0316	18.5752	17.4822	-2.83299	3.87489
1477010449300000	18.3542	17.6193	4.89613	2.25507	0.446259	lidar	3.8345	18.1023	17.5529	18.4309	17.674	-2.93858	3.79568
1477010449350000	18.2128	17.8135	4.88933	2.24557	0.331892	radar	1.18275	18.2749	17.4877	18.2814	17.8617	-3.042	3.71372
1477010449400000	18.0927	18.0001	4.84011	2.25104	0.318489	lidar	0.869836	18.2094	18.0461	18.1268	18.0453	-3.14318	3.62906
1477010449450000	17.9163	18.1462	4.79334	2.3227	0.505661	radar	3.12129	18.3021	17.498	17.9671	18.2246	-3.24204	3.5418
1477010449500000	17.7987	18.2802	4.66135	2.3408	0.496934	lidar	0.969507	17.9018	18.2183	17.8026	18.3994	-3.3385	3.45199
1477010449550000	17.67	18.4557	4.62715	2.34678	0.45982	radar	6.29826	18.8558	18.1364	17.6334	18.5697	-3.43247	3.35973
1477010449600000	17.4668	18.6506	4.73626	2.37437	0.464486	lidar	0.647233	17.3845	18.7039	17.4595	18.7353	-3.5239	3.26509
1477010449650000	17.2878	18.7867	4.70671	2.42484	0.553268	radar	1.96215	17.7945	18.0801	17.281	18.8962	-3.61271	3.16817
1477010449700000	17.131	18.9199	4.64304	2.45071	0.552001	lidar	0.214245	17.1762	18.8863	17.0983	19.0521	-3.69883	3.06904
1477010449750000	16.9646	19.0902	4.65728	2.45882	0.503517	radar	2.94741	16.9398	19.7311	16.9113	19.203	-3.78221	2.9678
1477010449800000	16.7432	19.2095	4.68006	2.5032	0.529399	lidar	2.85579	16.5734	19.052	16.7201	19.3488	-3.86278	2.86455
1477010449850000	16.5508	19.3645	4.71549	2.53214	0.553493	radar	3.24646	16.1674	20.2201	16.5251	19.4894	-3.9405	2.75938
1477010449900000	16.3125	19.5362	4.84337	2.55842	0.547452	lidar	0.859543	16.2338	19.6171	16.3262	19.6246	-4.01531	2.65237
1477010449950000	16.0923	19.6156	4.80489	2.6216	0.637045	radar	9.95554	16.4366	18.2742	16.1237	19.7545	-4.08716	2.54364
1477010450000000	15.8813	19.7603	4.84563	2.64368	0.622596	lidar	0.758399	15.9243	19.8703	15.9176	19.8789	-4.15602	2.43329
1477010450050000	15.6962	19.8859	4.78388	2.625	0.444829	radar	3.3193	16.2328	19.2166	15.7082	19.9978	-4.22185	2.32141
1477010450100000	15.4564	20.049	4.89932	2.63642	0.425784	lidar	1.1438	15.4332	20.1836	15.4956	20.111	-4.28461	2.2081
1477010450150000	15.2352	20.1965	4.94956	2.64586	0.404451	radar	5.39514	14.3677	21.3406	15.2799	20.2185	-4.34427	2.09347
1477010450200000	15.0565	20.3249	4.89486	2.65345	0.388978	lidar	1.83238	15.2016	20.4385	15.0613	20.3203	-4.4008	1.97763
1477010450250000	14.8244	20.4046	4.89005	2.70561	0.484195	radar	2.41846	14.7476	19.9571	14.84	20.4162	-4.4542	1.86068
1477010450300000	14.611	20.523	4.89441	2.72154	0.473164	lidar	0.555119	14.6665	20.6088	14.6161	20.5063	-4.50443	1.74272
1477010450350000	14.3695	20.6119	4.93018	2.77002	0.56131	radar	1.19476	13.841	21.0031	14.3897	20.5904	-4.55149	1.62386
1477010450400000	14.1233	20.682	4.94162	2.80679	0.57277	lidar	0.696744	14.0521	20.5924	14.1611	20.6686	-4.59537	1.50421
1477010450450000	13.8847	20.7557	4.95391	2.84643	0.61321	radar	0.140701	13.8232	20.859	13.9304	20.7408	-4.63606	1.38386
1477010450500000	13.6043	20.8176	5.02912	2.88533	0.621763	lidar	1.48026	13.4686	20.7253	13.6977	20.807	-4.67357	1.26294
1477010450550000	13.358	20.8489	5.02939	2.94983	0.731227	radar	1.4144	13.8263	20.4261	13.4632	20.8671	-4.70789	1.14153
1477010450600000	13.1151	20.879	5.0087	2.99158	0.739275	lidar	0.140127	13.1072	20.8294	13.2271	20.9211	-4.73904	1.01975
1477010450650000	12.8866	20.941	4.96893	2.99729	0.64554	radar	2.27142	13.2669	21.1579	12.9895	20.969	-4.76702	0.897694
1477010450700000	12.7012	20.9717	4.84763	3.02732	0.649651	lidar	2.10865	12.8729	21.0592	12.7506	21.0108	-4.79186	0.775469
1477010450750000	12.4467	21.0164	4.88351	3.04577	0.612622	radar	2.62118	11.5171	21.6724	12.5106	21.0465	-4.81358	0.653175
1477010450800000	12.198	21.0522	4.90598	3.06928	0.601146	lidar	0.190115	12.2062	21.11	12.2695	21.0761	-4.83219	0.530912
1477010450850000	11.9635	21.0714	4.89128	3.09874	0.606061	radar	0.906702	12.3859	21.1066	12.0276	21.0996	-4.84773	0.408778
1477010450900000	11.7267	21.0356	4.85103	3.14883	0.636226	lidar	1.69317	11.6814	20.8651	11.785	21.117	-4.86022	0.286869
1477010450950000	11.4841	21.0214	4.83855	3.17967	0.620501	radar	1.03772	11.5265	20.6748	11.5418	21.1283	-4.86971	0.165281
1477010451000000	11.2744	21.0112	4.77532	3.2111	0.624223	lidar	0.626595	11.363	21.0688	11.2982	21.1335	-4.87623	0.0441057
1477010451050000	11.0233	20.9717	4.78989	3.24799	0.623339	radar	4.05284	10.5558	20.5567	11.0544	21.1327	-4.87982	-0.076565
1477010451100000	10.8198	20.9303	4.71576	3.28811	0.640339	lidar	0.329129	10.8903	20.927	10.8105	21.1259	-4.88053	-0.196643
1477010451150000	10.5667	20.9351	4.70205	3.26454	0.465821	radar	5.50349	9.30535	21.3896	10.5666	21.1131	-4.8784	-0.31604
1477010451200000	10.2607	20.9825	4.87264	3.24014	0.38508	lidar	3.53196	10.189	21.209	10.3229	21.0943	-4.87349	-0.434674
1477010451250000	10.0212	20.9609	4.88203	3.26605	0.41778	radar	1.05799	9.97958	21.2932	10.0795	21.0697	-4.86585	-0.552463
1477010451300000	9.84399	20.9204	4.74758	3.29854	0.438576	lidar	1.60163	9.99634	20.9797	9.83658	21.0391	-4.85554	-0.669327
1477010451350000	9.60576	20.9133	4.72115	3.28153	0.31996	radar	1.03829	9.38223	21.111	9.59422	21.0028	-4.84262	-0.785189
1477010451400000	9.42634	20.8641	4.60795	3.3119	0.343881	lidar	0.833861	9.53921	20.8762	9.35258	20.9607	-4.82714	-0.899977
1477010451450000	9.21168	20.8152	4.61335	3.35201	0.424406	radar	1.75922	9.63392	20.9724	9.11177	20.9128	-4.80919	-1.01362
1477010451500000	8.8901	20.8004	4.81719	3.34149	0.372656	lidar	2.40984	8.70331	20.8221	8.87192	20.8594	-4.78881	-1.12605
1477010451550000	8.68323	20.7138	4.78036	3.39754	0.468196	radar	4.77424	9.84634	20.009	8.63315	20.8003	-4.76608	-1.2372
1477010451600000	8.39064	20.6365	4.90999	3.41737	0.459165	lidar	2.85328	8.22277	20.4839	8.39557	20.7358	-4.74108	-1.34701
1477010451650000	8.15959	20.5554	4.92066	3.45621	0.507848	radar	0.179898	8.29647	20.4978	8.1593	20.6657	-4.71387	-1.45542
1477010451700000	7.91535	20.4749	4.94477	3.48025	0.50496	lidar	0.0832895	7.88599	20.45	7.92445	20.5903	-4.68453	-1.56237
1477010451750000	7.70104	20.387	4.94713	3.52797	0.5863	radar	3.3654	8.29081	20.6565	7.69111	20.5096	-4.65313	-1.66781
1477010451800000	7.36494	20.3342	5.16151	3.51222	0.510088	lidar	2.66615	7.18029	20.392	7.45939	20.4237	-4.61975	-1.7717
1477010451850000	7.12294	20.2418	5.15066	3.52751	0.4735	radar	0.262974	7.09214	20.1196	7.22939	20.3326	-4.58448	-1.87399
1477010451900000	6.8579	20.1567	5.20402	3.538	0.451912	lidar	0.188926	6.81542	20.1859	7.00119	20.2364	-4.54738	-1.97462
1477010451950000	6.62425	20.0683	5.17496	3.54814	0.414133	radar	0.541952	6.89359	20.1536	6.7749	20.1352	-4.50854	-2.07357
1477010452000000	6.38459	19.9736	5.17916	3.56389	0.406708	lidar	0.0882098	6.38914	20.0137	6.55059	20.0292	-4.46805	-2.17079
1477010452050000	6.16468	19.8806	5.1497	3.58392	0.414017	radar	2.97716	6.67637	20.2142	6.32834	19.9183	-4.42598	-2.26625
1477010452100000	5.90318	19.7857	5.20428	3.58924	0.389557	lidar	0.258281	5.86119	19.8306	6.10823	19.8027	-4.38241	-2.35993
1477010452150000	5.66741	19.6388	5.26774	3.64293	0.497322	radar	1.65908	5.28178	19.5036	5.89034	19.6824	-4.33744	-2.45178
1477010452200000	5.52453	19.5046	5.099	3.69453	0.542452	lidar	2.07374	5.69089	19.5755	5.67472	19.5577	-4.29114	-2.5418
1477010452250000	5.32918	19.3547	5.06467	3.73263	0.558388	radar	1.7783	5.9506	18.9859	5.46145	19.4284	-4.24359	-2.62995
1477010452300000	5.12347	19.2496	5.04009	3.74551	0.536193	lidar	2.02963	5.17021	19.4397	5.25059	19.2948	-4.19488	-2.71622
1477010452350000	4.94193	19.1387	4.91571	3.74674	0.447281	radar	4.83894	5.87397	19.301	5.04219	19.157	-4.1451	-2.80059
1477010452400000	4.79847	18.9845	4.81744	3.79509	0.493515	lidar	0.621381	4.89149	18.982	4.8363	19.015	-4.09432	-2.88305
1477010452450000	4.59157	18.833	4.88747	3.82469	0.526207	radar	1.51517	3.98679	19.0452	4.63297	18.8689	-4.04263	-2.96359
1477010452500000	4.41813	18.7011	4.84595	3.84667	0.521115	lidar	1.06928	4.4685	18.834	4.43224	18.7188	-3.99012	-3.0422
1477010452550000	4.24593	18.5591	4.75946	3.85397	0.451983	radar	1.22681	4.69245	18.4634	4.23416	18.5648	-3.93685	-3.11888
1477010452600000	4.1376	18.4036	4.63682	3.90648	0.506831	lidar	1.35321	4.26269	18.481	4.03876	18.4071	-3.88293	-3.19362
1477010452650000	3.96082	18.2262	4.80562	3.96599	0.643304	radar	6.90632	3.42434	18.8357	3.84606	18.2457	-3.82841	-3.26644
1477010452700000	3.65888	18.0911	5.00291	3.9132	0.492387	lidar	3.43094	3.45919	18.167	3.65611	18.0807	-3.77339	-3.33732
1477010452750000	3.49694	17.9444	4.87541	3.9111	0.397321	radar	3.42911	4.3011	17.9267	3.46891	17.9122	-3.71795	-3.40627
1477010452800000	3.2465	17.7822	4.99529	3.89061	0.326953	lidar	1.10595	3.12525	17.7493	3.28449	17.7402	-3.66215	-3.47331
1477010452850000	3.06931	17.594	5.08016	3.94051	0.440485	radar	2.37239	2.65664	17.888	3.10287	17.565	-3.60609	-3.53844
1477010452900000	2.89155	17.4778	5.02157	3.93698	0.402659	lidar	6.18503	2.9449	17.8154	2.92405	17.3866	-3.54982	-3.60167
1477010452950000	2.76018	17.2565	5.07664	4.01728	0.561636	radar	2.56333	3.26647	17.0897	2.74805	17.2051	-3.49344	-3.66302
1477010453000000	2.58059	17.067	5.10231	4.03356	0.542133	lidar	0.0749872	2.55407	17.0853	2.57486	17.0205	-3.437	-3.72251
1477010453050000	2.41441	16.9058	4.95079	4.0145	0.395001	radar	2.46625	2.55039	16.8884	2.4045	16.833	-3.38059	-3.78014
1477010453100000	2.24998	16.7357	4.94102	4.0238	0.378271	lidar	0.510821	2.25371	16.8334	2.23695	16.6427	-3.32428	-3.83595
1477010453150000	2.06295	16.5416	4.94123	4.01326	0.293739	radar	4.60648	1.57735	16.0489	2.07221	16.4497	-3.26812	-3.88995
1477010453200000	1.9107	16.3119	4.97718	4.04419	0.319536	lidar	2.28156	1.88972	16.1054	1.91027	16.254	-3.21219	-3.94216
1477010453250000	1.74711	16.1375	4.92736	4.0356	0.251161	radar	0.53273	1.74362	16.2687	1.75112	16.0557	-3.15656	-3.99261
1477010453300000	1.5281	15.9752	4.99365	4.00376	0.175829	lidar	1.2098	1.44745	16.0853	1.59474	15.8549	-3.10129	-4.04132
1477010453350000	1.41524	15.736	5.07688	4.08795	0.378856	radar	2.71494	1.6097	15.5526	1.44111	15.6517	-3.04644	-4.08832
1477010453400000	1.23803	15.5162	5.13938	4.09511	0.358112	lidar	0.59953	1.18395	15.4284	1.29021	15.4463	-2.99207	-4.13364
1477010453450000	1.07093	15.3247	5.12358	4.09031	0.305331	radar	0.851393	0.828993	15.528	1.14201	15.2386	-2.93825	-4.1773
1477010453500000	0.844471	15.1052	5.25292	4.06702	0.238012	lidar	1.55897	0.722706	15.0075	0.996486	15.0288	-2.88503	-4.21933
1477010453550000	0.687845	14.9269	5.16365	4.05327	0.157647	radar	2.17308	1.03147	15.2134	0.853604	14.8169	-2.83246	-4.25977
1477010453600000	0.615057	14.7147	5.04753	4.10735	0.234891	lidar	1.1312	0.737301	14.7047	0.71333	14.603	-2.78061	-4.29864
1477010453650000	0.508839	14.4688	5.12247	4.1713	0.375167	radar	2.09571	0.722177	14.2445	0.575628	14.3872	-2.72952	-4.33598
1477010453700000	0.328708	14.2442	5.20105	4.16457	0.330998	lidar	0.504943	0.253435	14.2029	0.440459	14.1696	-2.67925	-4.37181
1477010453750000	0.203334	13.9881	5.33985	4.22131	0.462684	radar	2.18869	-0.0328023	13.9604	0.307779	13.9502	-2.62984	-4.40617
1477010453800000	0.238199	13.7361	5.14413	4.3357	0.622101	lidar	3.87322	0.459172	13.6856	0.177545	13.7292	-2.58135	-4.43909
1477010453850000	0.13986	13.4936	5.19726	4.36828	0.637766	radar	0.461506	0.0524412	13.6377	0.0497099	13.5065	-2.53381	-4.47061
1477010453900000	-0.0493941	13.2578	5.30357	4.33433	0.515948	lidar	1.58818	-0.190344	13.2856	-0.0757753	13.2823	-2.48728	-4.50075
1477010453950000	-0.1722	13.0438	5.1817	4.31737	0.396233	radar	1.66237	-0.275043	13.1456	-0.198962	13.0566	-2.44179	-4.52955
1477010454000000	-0.13418	12.8211	5.01665	4.4183	0.54762	lidar	3.13824	0.0462308	12.9301	-0.319903	12.8295	-2.39739	-4.55704
1477010454050000	-0.252042	12.5991	4.92235	4.39743	0.425981	radar	3.57259	-0.684792	12.3563	-0.438654	12.6011	-2.35412	-4.58326
1477010454100000	-0.391462	12.3667	4.97984	4.37553	0.345743	lidar	0.569431	-0.476482	12.3633	-0.555273	12.3714	-2.31202	-4.60823
1477010454150000	-0.526912	12.1598	4.95037	4.34445	0.243736	radar	3.43587	-0.972122	12.5207	-0.669818	12.1404	-2.27111	-4.63198
1477010454200000	-0.60159	11.9466	4.9135	4.36215	0.254644	lidar	0.472324	-0.582624	12.0386	-0.78235	11.9083	-2.23144	-4.65456
1477010454250000	-0.742409	11.7167	4.96231	4.33522	0.180773	radar	2.51523	-1.26757	11.6495	-0.892931	11.6751	-2.19304	-4.67598
1477010454300000	-0.976039	11.4741	5.1184	4.25272	0.0177118	lidar	3.25228	-1.17212	11.3988	-1.00163	11.4409	-2.15594	-4.69628
1477010454350000	-1.09044	11.2462	5.07582	4.23932	-0.0361535	radar	1.63159	-0.891441	10.959	-1.1085	11.2057	-2.12017	-4.71549
1477010454400000	-1.27983	11.024	5.15577	4.19275	-0.109966	lidar	0.954593	-1.39289	11.0424	-1.21362	10.9695	-2.08575	-4.73364
1477010454450000	-1.33769	10.771	5.22209	4.27539	0.127086	radar	2.89681	-1.29894	10.9012	-1.31706	10.7324	-2.05273	-4.75075
1477010454500000	-1.4677	10.5159	5.27626	4.27377	0.114032	lidar	0.555808	-1.49687	10.4198	-1.41889	10.4945	-2.02111	-4.76686
1477010454550000	-1.5591	10.2474	5.36333	4.31583	0.221021	radar	1.50773	-1.59293	10.0212	-1.51917	10.2559	-1.99093	-4.78198
1477010454600000	-1.63994	10.0398	5.27674	4.33282	0.232809	lidar	2.12062	-1.61875	10.2374	-1.61797	10.0165	-1.96221	-4.79615
1477010454650000	-1.72717	9.81117	5.21253	4.33984	0.207677	radar	0.626478	-1.59702	9.96554	-1.71539	9.77637	-1.93498	-4.80939
1477010454700000	-1.78398	9.59507	5.12777	4.36781	0.23968	lidar	0.954979	-1.73381	9.71347	-1.81147	9.53564	-1.90924	-4.82172
1477010454750000	-1.90423	9.33793	5.24605	4.37422	0.259612	radar	2.22021	-2.27191	9.37316	-1.90631	9.29431	-1.88502	-4.83316
1477010454800000	-1.98125	9.04001	5.3141	4.39946	0.278616	lidar	3.94254	-1.93833	8.77028	-1.99998	9.05243	-1.86233	-4.84374
1477010454850000	-2.0652	8.82116	5.19861	4.38879	0.195035	radar	2.10705	-1.96565	9.13274	-2.09256	8.81003	-1.8412	-4.85347
1477010454900000	-2.15931	8.56853	5.22309	4.39189	0.182882	lidar	0.0650044	-2.1768	8.5411	-2.18412	8.56717	-1.82164	-4.86238
1477010454950000	-2.30407	8.30826	5.3123	4.36325	0.113732	radar	2.43066	-2.65862	8.19477	-2.27474	8.32388	-1.80365	-4.87047
1477010455000000	-2.32719	8.08224	5.20034	4.40623	0.179508	lidar	1.14391	-2.21875	8.15339	-2.3645	8.0802	-1.78726	-4.87778
1477010455050000	-2.37702	7.87575	5.08499	4.42139	0.179188	radar	5.52134	-2.273	8.52315	-2.45348	7.83617	-1.77248	-4.8843
1477010455100000	-2.50158	7.62094	5.16293	4.40056	0.127578	lidar	0.648241	-2.59674	7.60288	-2.54177	7.59184	-1.75931	-4.89006
1477010455150000	-2.68686	7.37922	5.20529	4.31908	-0.0801284	radar	4.44309	-3.08256	7.38874	-2.62944	7.34723	-1.74777	-4.89507
1477010455200000	-2.79452	7.12631	5.23572	4.31243	-0.0848929	lidar	0.212255	-2.79865	7.064	-2.71658	7.10238	-1.73786	-4.89933
1477010455250000	-2.83443	6.89469	5.19571	4.3678	0.0739443	radar	2.32495	-2.79412	7.20818	-2.80326	6.85734	-1.72958	-4.90286
1477010455300000	-2.85889	6.69805	5.03672	4.3994	0.117096	lidar	2.52909	-2.74651	6.86867	-2.88957	6.61214	-1.72295	-4.90566
1477010455350000	-2.90883	6.48478	4.89612	4.39412	0.0407369	radar	3.29947	-2.57673	6.36755	-2.97559	6.36681	-1.71797	-4.90774
1477010455400000	-2.96267	6.25307	4.86711	4.40853	0.0606977	lidar	0.24762	-2.90217	6.22989	-3.0614	6.12139	-1.71464	-4.90911
1477010455450000	-3.08964	5.99848	5.00248	4.3946	0.0595005	radar	3.83555	-3.50172	6.10796	-3.14709	5.87592	-1.71297	-4.90976
1477010455500000	-3.18295	5.71811	5.09693	4.3932	0.0503896	lidar	1.91391	-3.1778	5.53101	-3.23274	5.63043	-1.71295	-4.9097
1477010455550000	-3.298	5.46719	5.11723	4.35512	-0.070168	radar	1.69419	-3.19736	5.19093	-3.31843	5.38496	-1.71458	-4.90893
1477010455600000	-3.40555	5.20268	5.18547	4.34491	-0.0811086	lidar	0.580892	-3.43031	5.10507	-3.40424	5.13955	-1.71787	-4.90745
1477010455650000	-3.46248	4.95792	5.17411	4.38255	0.0396387	radar	0.633773	-3.4281	4.94644	-3.49026	4.89422	-1.72281	-4.90525
1477010455700000	-3.59039	4.66878	5.31658	4.3682	0.0175962	lidar	1.93487	-3.69435	4.52196	-3.57657	4.64902	-1.72939	-4.90233
1477010455750000	-3.7	4.41329	5.32605	4.33786	-0.0890614	radar	1.63663	-3.50501	4.17643	-3.66325	4.40398	-1.73763	-4.89868
1477010455800000	-3.84772	4.13286	5.45856	4.31535	-0.111326	lidar	1.86039	-4.00238	4.04684	-3.75039	4.15913	-1.74749	-4.8943
1477010455850000	-3.91697	3.89515	5.40198	4.3531	0.0303503	radar	1.75799	-4.06447	4.10977	-3.83806	3.91452	-1.75899	-4.88918
1477010455900000	-3.98207	3.67029	5.3051	4.36223	0.0355782	lidar	0.98782	-3.88053	3.75177	-3.92635	3.67019	-1.77212	-4.8833
1477010455950000	-4.07333	3.47706	5.1775	4.33799	-0.0575159	radar	4.00949	-4.23729	3.88878	-4.01533	3.42616	-1.78686	-4.87666
1477010456000000	-4.16578	3.23353	5.18021	4.33652	-0.05555	lidar	0.0215347	-4.15119	3.21968	-4.10509	3.18248	-1.8032	-4.86925
1477010456050000	-4.28158	2.97563	5.24095	4.31808	-0.105937	radar	0.472413	-4.27467	2.88187	-4.19571	2.93919	-1.82113	-4.86104
1477010456100000	-4.37759	2.69566	5.3161	4.32137	-0.0899247	lidar	1.32545	-4.32451	2.55034	-4.28727	2.69633	-1.84065	-4.85202
1477010456150000	-4.46056	2.44654	5.3	4.33952	-0.0149329	radar	0.357066	-4.38481	2.39989	-4.37985	2.45393	-1.86173	-4.84218
1477010456200000	-4.56809	2.17497	5.36983	4.34021	-0.00759567	lidar	0.507283	-4.61223	2.09192	-4.47352	2.21205	-1.88436	-4.83149
1477010456250000	-4.67273	1.95448	5.31824	4.29735	-0.172168	radar	3.58299	-4.29257	1.92854	-4.56836	1.97072	-1.90853	-4.81994
1477010456300000	-4.79656	1.67067	5.43118	4.29338	-0.155637	lidar	1.35308	-4.86829	1.53442	-4.66444	1.72998	-1.93422	-4.80751
1477010456350000	-4.91659	1.42295	5.44644	4.27733	-0.182908	radar	0.0930505	-4.98165	1.43611	-4.76186	1.48989	-1.9614	-4.79417
1477010456400000	-4.97481	1.20251	5.31896	4.27819	-0.182825	lidar	5.38247	-4.66779	1.28643	-4.86066	1.25049	-1.99007	-4.7799
1477010456450000	-5.0642	0.996907	5.19552	4.28323	-0.122088	radar	1.3229	-4.98594	1.10894	-4.96095	1.01182	-2.02019	-4.76468
1477010456500000	-5.12345	0.774249	5.11094	4.28759	-0.116367	lidar	3.93846	-4.85498	0.825661	-5.06277	0.77393	-2.05174	-4.74848
1477010456550000	-5.22086	0.461933	5.29576	4.30215	-0.0904768	radar	5.60445	-4.84736	0.18101	-5.16621	0.536876	-2.08471	-4.73127
1477010456600000	-5.29496	0.225642	5.24944	4.30546	-0.0828014	lidar	1.60801	-5.1231	0.257311	-5.27133	0.300706	-2.11906	-4.71303
1477010456650000	-5.40338	-0.010692	5.21158	4.32166	0.0143658	radar	5.78208	-5.99809	-0.290765	-5.3782	0.0654719	-2.15477	-4.69374
1477010456700000	-5.47036	-0.245831	5.17021	4.33078	0.0240795	lidar	1.59063	-5.29972	-0.212982	-5.4869	-0.168772	-2.1918	-4.67335
1477010456750000	-5.59291	-0.403004	5.02699	4.28293	-0.0993116	radar	3.36976	-5.64447	-0.144522	-5.59748	-0.401971	-2.23014	-4.65185
1477010456800000	-5.72965	-0.573933	4.92833	4.24677	-0.157854	lidar	1.91381	-5.85359	-0.445801	-5.71001	-0.634069	-2.26974	-4.62919
1477010456850000	-5.84768	-0.798737	5.01502	4.20793	-0.289891	radar	4.98268	-5.30947	-0.724468	-5.82456	-0.865006	-2.31058	-4.60536
1477010456900000	-5.94462	-1.0902	5.14978	4.23113	-0.214033	lidar	2.264	-5.87835	-1.26863	-5.94118	-1.09472	-2.35262	-4.58032
1477010456950000	-6.03027	-1.37468	5.23555	4.25966	-0.12967	radar	3.21194	-5.68069	-1.52871	-6.05993	-1.32316	-2.39581	-4.55404
1477010457000000	-6.17238	-1.57516	5.18431	4.22866	-0.176759	lidar	0.861482	-6.27263	-1.50938	-6.18087	-1.55025	-2.44014	-4.52648
1477010457050000	-6.32102	-1.80623	5.30254	4.17715	-0.334051	radar	2.67554	-6.11355	-1.75966	-6.30406	-1.77593	-2.48555	-4.49762
1477010457100000	-6.42985	-2.06967	5.35761	4.18703	-0.282772	lidar	0.778873	-6.34007	-2.13685	-6.42954	-2.00014	-2.532	-4.46742
1477010457150000	-6.58179	-2.25987	5.24043	4.16242	-0.271226	radar	3.11772	-6.99344	-2.17445	-6.55738	-2.22281	-2.57946	-4.43585
1477010457200000	-6.73597	-2.46615	5.22106	4.13526	-0.296969	lidar	0.218372	-6.79288	-2.4458	-6.68761	-2.44386	-2.62788	-4.40288
1477010457250000	-6.89452	-2.66972	5.19796	4.10971	-0.312948	radar	0.81233	-7.14408	-2.67584	-6.82029	-2.66323	-2.6772	-4.36847
1477010457300000	-6.97773	-2.96846	5.3105	4.16057	-0.183953	lidar	3.19742	-6.8003	-3.10086	-6.95546	-2.88084	-2.7274	-4.3326
1477010457350000	-7.10304	-3.19552	5.25892	4.16927	-0.124293	radar	0.366673	-7.13937	-3.22028	-7.09316	-3.09663	-2.7784	-4.29523
1477010457400000	-7.22819	-3.38162	5.18189	4.14997	-0.152198	lidar	1.36936	-7.12118	-3.26434	-7.23344	-3.3105	-2.83017	-4.25632
1477010457450000	-7.37054	-3.64189	5.25847	4.1606	-0.113366	radar	4.47382	-7.77186	-4.08999	-7.37632	-3.5224	-2.88265	-4.21586
1477010457500000	-7.54037	-3.74874	5.07397	4.08753	-0.24484	lidar	4.32845	-7.49009	-3.49081	-7.52184	-3.73223	-2.93579	-4.1738
1477010457550000	-7.68775	-3.95405	5.10157	4.0718	-0.262452	radar	0.461942	-7.52393	-3.88213	-7.67004	-3.93992	-2.98953	-4.13012
1477010457600000	-7.83489	-4.19814	5.16696	4.08078	-0.218646	lidar	0.704507	-7.88049	-4.29783	-7.82094	-4.14538	-3.04381	-4.08479
1477010457650000	-7.98444	-4.41982	5.17944	4.07998	-0.194975	radar	0.441997	-8.08524	-4.57834	-7.97457	-4.34854	-3.09857	-4.03778
1477010457700000	-8.13857	-4.67345	5.25594	4.09196	-0.151756	lidar	1.28154	-8.22492	-4.79812	-8.13095	-4.5493	-3.15376	-3.98906
1477010457750000	-8.26939	-4.88371	5.12562	4.11208	-0.0574012	radar	1.98848	-8.453	-4.95621	-8.2901	-4.74759	-3.2093	-3.93862
1477010457800000	-8.39359	-5.10732	5.13159	4.12471	-0.0285139	lidar	0.200345	-8.33552	-5.1059	-8.45204	-4.94331	-3.26514	-3.88641
1477010457850000	-8.54158	-5.26635	4.99203	4.10468	-0.0422508	radar	3.24529	-8.55062	-4.79248	-8.61678	-5.13637	-3.32121	-3.83242
1477010457900000	-8.73355	-5.45794	5.00911	4.07274	-0.0962985	lidar	1.98915	-8.91477	-5.51752	-8.78433	-5.32669	-3.37745	-3.77663
1477010457950000	-8.89317	-5.65594	5.01882	4.06118	-0.110155	radar	0.27276	-9.04115	-5.69364	-8.95469	-5.51417	-3.43377	-3.71901
1477010458000000	-9.04854	-5.83869	4.99686	4.04625	-0.127975	lidar	0.0899677	-9.03391	-5.80267	-9.12788	-5.69872	-3.49012	-3.65955
1477010458050000	-9.18899	-5.98658	4.85617	4.03016	-0.132369	radar	5.27333	-8.86897	-5.41973	-9.30388	-5.88026	-3.54643	-3.59823
1477010458100000	-9.37825	-6.06136	4.71411	3.95	-0.270989	lidar	3.80368	-9.30811	-5.82368	-9.4827	-6.05868	-3.60261	-3.53503
1477010458150000	-9.55848	-6.24165	4.78038	3.93143	-0.285275	radar	1.19024	-9.80646	-6.41174	-9.66432	-6.23389	-3.6586	-3.46994
1477010458200000	-9.68195	-6.47337	4.82863	3.97267	-0.18155	lidar	0.828984	-9.62547	-6.55958	-9.84874	-6.4058	-3.71431	-3.40295
1477010458250000	-9.92271	-6.61526	4.95081	3.89672	-0.325555	radar	7.15756	-10.6688	-6.35543	-10.0359	-6.57431	-3.76969	-3.33404
1477010458300000	-10.1267	-6.78413	4.97614	3.86991	-0.343699	lidar	0.642384	-10.2246	-6.83402	-10.2259	-6.73933	-3.82463	-3.26321
1477010458350000	-10.3189	-6.93729	5.00826	3.84242	-0.3675	radar	0.781924	-10.2205	-6.71044	-10.4186	-6.90075	-3.87907	-3.19046
1477010458400000	-10.5469	-7.13059	5.09082	3.82652	-0.359646	lidar	3.79497	-10.7616	-7.29159	-10.614	-7.05849	-3.93293	-3.11577
1477010458450000	-10.7653	-7.25375	5.0837	3.77811	-0.41779	radar	1.48464	-10.8944	-6.83335	-10.8121	-7.21245	-3.98613	-3.03916
1477010458500000	-11.01	-7.42693	5.15951	3.75393	-0.420712	lidar	3.43946	-11.2219	-7.56979	-11.0128	-7.36252	-4.03859	-2.96062
1477010458550000	-11.2055	-7.55207	5.06052	3.72767	-0.430989	radar	1.30703	-10.986	-7.3707	-11.2161	-7.50862	-4.09021	-2.88015
1477010458600000	-11.3355	-7.7322	5.00035	3.76575	-0.323668	lidar	3.50115	-11.0934	-7.6776	-11.422	-7.65064	-4.14093	-2.79777
1477010458650000	-11.5371	-7.84688	4.952	3.73297	-0.354758	radar	1.58499	-11.4213	-7.46085	-11.6304	-7.78849	-4.19066	-2.71349
1477010458700000	-11.7111	-7.9538	4.88354	3.7113	-0.363879	lidar	2.71013	-11.5269	-7.8215	-11.8413	-7.92208	-4.23932	-2.6273
1477010458750000	-11.9091	-8.05346	4.75292	3.67657	-0.397692	radar	1.10167	-11.9422	-7.88317	-12.0546	-8.05131	-4.28682	-2.53924
1477010458800000	-12.1195	-8.14399	4.73708	3.63723	-0.433629	lidar	0.237345	-12.09	-8.08828	-12.2702	-8.17609	-4.33309	-2.44932
1477010458850000	-12.3534	-8.27188	4.94521	3.62522	-0.400598	radar	2.91732	-12.4462	-8.02117	-12.4881	-8.29633	-4.37802	-2.35756
1477010458900000	-12.5526	-8.35863	4.89795	3.59697	-0.416724	lidar	1.40091	-12.4231	-8.2599	-12.7082	-8.41193	-4.42156	-2.26399
1477010458950000	-12.7654	-8.42783	4.77543	3.55022	-0.475541	radar	1.25175	-12.7461	-8.19449	-12.9304	-8.5228	-4.4636	-2.16863
1477010459000000	-13.0417	-8.52398	4.8652	3.50865	-0.505185	lidar	4.08898	-13.2911	-8.64594	-13.1547	-8.62886	-4.50407	-2.07151
1477010459050000	-13.2998	-8.61804	4.99518	3.48752	-0.481158	radar	2.68402	-13.7929	-8.47158	-13.381	-8.73002	-4.54289	-1.97267
1477010459100000	-13.5152	-8.6727	4.95163	3.45267	-0.501915	lidar	1.40745	-13.384	-8.57583	-13.6092	-8.82619	-4.57997	-1.87214
1477010459150000	-13.7416	-8.68738	4.81094	3.37931	-0.615327	radar	2.88179	-13.6376	-8.26344	-13.8392	-8.91729	-4.61524	-1.76997
1477010459200000	-13.946	-8.83466	4.79566	3.41939	-0.489176	lidar	1.82278	-13.9959	-8.99264	-14.0709	-9.00324	-4.64861	-1.6662
1477010459250000	-14.2035	-8.9297	4.98893	3.42765	-0.392625	radar	2.88852	-14.4737	-8.79552	-14.3043	-9.08395	-4.68001	-1.56086
1477010459300000	-14.4133	-9.07287	4.96032	3.46579	-0.290685	lidar	0.961998	-14.4273	-9.1875	-14.5391	-9.15936	-4.70936	-1.45402
1477010459350000	-14.637	-9.14911	4.89309	3.44919	-0.304929	radar	0.414196	-14.5757	-9.32634	-14.7754	-9.22939	-4.73658	-1.34573
1477010459400000	-14.9384	-9.12496	4.98246	3.35228	-0.449682	lidar	1.69391	-15.062	-9.04396	-15.013	-9.29397	-4.76161	-1.23603
1477010459450000	-15.1984	-9.19989	5.01935	3.34316	-0.424728	radar	4.55045	-15.6189	-9.69365	-15.2517	-9.35302	-4.78436	-1.125
1477010459500000	-15.4529	-9.3436	5.05051	3.38275	-0.317464	lidar	5.34264	-15.6682	-9.56749	-15.4916	-9.40649	-4.80476	-1.01269
1477010459550000	-15.6927	-9.36959	4.92017	3.33088	-0.416596	radar	2.18877	-15.9382	-9.35751	-15.7324	-9.45431	-4.82275	-0.899159
1477010459600000	-15.9439	-9.46682	4.94432	3.34325	-0.357523	lidar	2.04982	-16.0862	-9.59819	-15.9741	-9.49642	-4.83827	-0.784484
1477010459650000	-16.1969	-9.46877	4.9055	3.28443	-0.448867	radar	2.21192	-16.6033	-8.85459	-16.2164	-9.53277	-4.85124	-0.668734
1477010459700000	-16.4515	-9.45017	4.92515	3.22634	-0.511549	lidar	0.481523	-16.4229	-9.37029	-16.4594	-9.5633	-4.8616	-0.55198
1477010459750000	-16.6669	-9.44892	4.85061	3.18825	-0.545963	radar	4.83075	-16.011	-9.33486	-16.7027	-9.58797	-4.8693	-0.434301
1477010459800000	-16.9551	-9.42212	4.93707	3.13097	-0.595751	lidar	1.43191	-17.1132	-9.43043	-16.9464	-9.60673	-4.87427	-0.315773
1477010459850000	-17.2004	-9.50377	4.97899	3.1765	-0.429831	radar	8.23875	-16.9255	-10.8571	-17.1903	-9.61954	-4.87646	-0.196479
1477010459900000	-17.4613	-9.52371	4.99917	3.16242	-0.417153	lidar	0.508067	-17.5448	-9.57485	-17.4342	-9.62636	-4.87583	-0.0765024
1477010459950000	-17.7202	-9.5087	4.97945	3.11927	-0.477395	radar	1.65313	-18.1371	-9.39146	-17.6781	-9.62717	-4.87232	0.0440703
1477010460000000	-17.9771	-9.4691	5.00596	3.075	-0.511795	lidar	0.156008	-17.9724	-9.42299	-17.9216	-9.62194	-4.86588	0.165151
1477010460050000	-18.2234	-9.42403	4.97796	3.02347	-0.578727	radar	0.417526	-18.3083	-9.18778	-18.1648	-9.61064	-4.85648	0.286648
1477010460100000	-18.4075	-9.49598	4.82006	3.06511	-0.462927	lidar	2.23554	-18.2763	-9.60997	-18.4074	-9.59325	-4.84408	0.40847
1477010460150000	-18.6405	-9.49425	4.85152	3.06925	-0.384415	radar	1.75689	-18.2443	-9.58547	-18.6493	-9.56977	-4.82864	0.530522
1477010460200000	-18.8917	-9.48269	4.86606	3.05493	-0.376012	lidar	0.264996	-18.9545	-9.51544	-18.8904	-9.54017	-4.81012	0.652707
1477010460250000	-19.1194	-9.44923	4.87471	3.03835	-0.354731	radar	3.86293	-18.6983	-9.02886	-19.1305	-9.50447	-4.78851	0.774927
1477010460300000	-19.3799	-9.30075	4.97416	2.94349	-0.484458	lidar	3.12452	-19.2983	-9.09865	-19.3694	-9.46265	-4.76378	0.897083
1477010460350000	-19.6169	-9.21339	4.94899	2.88273	-0.578212	radar	0.899613	-19.7037	-8.79906	-19.6069	-9.41472	-4.73591	1.01907
1477010460400000	-19.874	-9.07375	5.03404	2.80943	-0.649755	lidar	0.885864	-19.8731	-8.96417	-19.8431	-9.36071	-4.70487	1.1408
1477010460450000	-20.1179	-8.96399	5.0891	2.77433	-0.626848	radar	4.78901	-20.3815	-7.6755	-20.0775	-9.30061	-4.67066	1.26215
1477010460500000	-20.2593	-9.15861	4.67379	2.90358	-0.387816	lidar	15.0139	-20.1607	-9.59663	-20.3102	-9.23446	-4.63328	1.38303
1477010460550000	-20.4951	-9.12853	4.69378	2.90872	-0.328715	radar	1.50839	-20.4587	-9.7448	-20.5409	-9.16227	-4.59271	1.50334
1477010460600000	-20.7229	-9.01747	4.74206	2.86022	-0.380529	lidar	0.888061	-20.6596	-8.91527	-20.7696	-9.08409	-4.54895	1.62296
1477010460650000	-20.9654	-8.93639	4.7656	2.82822	-0.416439	radar	2.58089	-21.5568	-8.5005	-20.9959	-8.99994	-4.50202	1.74179
1477010460700000	-21.1594	-8.8698	4.70397	2.81132	-0.410197	lidar	1.06949	-21.0195	-8.85081	-21.2198	-8.90987	-4.45191	1.85972
1477010460750000	-21.3924	-8.7833	4.71227	2.77866	-0.449674	radar	1.98156	-21.8628	-8.64129	-21.4412	-8.81393	-4.39865	1.97666
1477010460800000	-21.5781	-8.77202	4.58399	2.79806	-0.382238	lidar	1.13809	-21.5029	-8.87191	-21.6597	-8.71217	-4.34224	2.0925
1477010460850000	-21.7679	-8.62384	4.52485	2.70167	-0.587738	radar	5.89055	-21.9514	-7.41274	-21.8754	-8.60465	-4.2827	2.20712
1477010460900000	-21.9686	-8.54156	4.50425	2.68241	-0.571403	lidar	0.0651861	-21.9793	-8.57089	-22.0881	-8.49143	-4.22007	2.32043
1477010460950000	-22.1782	-8.44609	4.55907	2.68444	-0.464641	radar	2.44859	-22.1914	-7.70392	-22.2975	-8.37258	-4.15437	2.43232
1477010461000000	-22.4162	-8.33359	4.62753	2.6605	-0.464797	lidar	1.52181	-22.5838	-8.35296	-22.5035	-8.24817	-4.08564	2.5427
1477010461050000	-22.6053	-8.22223	4.59254	2.62651	-0.500008	radar	0.702813	-22.3177	-8.57758	-22.7061	-8.11829	-4.01391	2.65145
1477010461100000	-22.8615	-7.93224	4.89752	2.51401	-0.630653	lidar	6.02748	-22.9861	-7.6724	-22.9049	-7.98301	-3.93923	2.75848
1477010461150000	-23.0558	-7.77371	4.88385	2.45158	-0.736587	radar	2.60335	-23.2693	-8.32031	-23.1	-7.84243	-3.86163	2.8637
1477010461200000	-23.2841	-7.58442	4.9914	2.40827	-0.74209	lidar	2.08276	-23.4777	-7.56583	-23.2911	-7.69663	-3.78118	2.967
1477010461250000	-23.4896	-7.44938	5.01339	2.43659	-0.535583	radar	2.52973	-23.473	-7.02103	-23.4781	-7.54572	-3.69792	3.06828
1477010461300000	-23.6502	-7.31828	4.92291	2.41857	-0.527216	lidar	0.809256	-23.5408	-7.36069	-23.6609	-7.3898	-3.61191	3.16746
1477010461350000	-23.845	-7.15088	4.95879	2.40512	-0.478466	radar	0.859498	-24.0505	-6.56968	-23.8393	-7.22897	-3.52321	3.26445
1477010461400000	-23.998	-7.08641	4.75683	2.41833	-0.430639	lidar	2.41011	-23.9384	-7.26171	-24.0132	-7.06336	-3.43189	3.35916
1477010461450000	-24.1655	-6.9006	4.77021	2.37112	-0.501439	radar	1.98315	-24.3577	-5.94086	-24.1825	-6.89307	-3.33801	3.45149
1477010461500000	-24.3337	-6.62819	4.93717	2.30201	-0.56554	lidar	2.80847	-24.2574	-6.4352	-24.347	-6.71823	-3.24166	3.54138
1477010461550000	-24.5019	-6.44853	4.92325	2.2628	-0.622459	radar	3.45807	-24.788	-7.18367	-24.5066	-6.53896	-3.14289	3.62873
1477010461600000	-24.5885	-6.33535	4.70629	2.24395	-0.609313	lidar	5.36319	-24.3008	-6.43799	-24.6612	-6.35538	-3.0418	3.71347
1477010461650000	-24.7301	-6.14916	4.70888	2.2185	-0.586971	radar	0.310119	-24.6108	-6.00878	-24.8107	-6.16764	-2.93846	3.79553
1477010461700000	-24.9168	-5.93516	4.80863	2.19457	-0.576512	lidar	2.85199	-25.146	-5.91902	-24.955	-5.97587	-2.83295	3.87484
1477010461750000	-25.049	-5.72778	4.82711	2.16797	-0.552852	radar	1.81093	-24.8975	-5.02285	-25.094	-5.7802	-2.72537	3.95132
1477010461800000	-25.1797	-5.56754	4.7506	2.15367	-0.535549	lidar	0.405092	-25.1941	-5.64372	-25.2276	-5.58079	-2.61581	4.02492
1477010461850000	-25.3342	-5.38279	4.76679	2.16201	-0.427169	radar	1.07163	-25.5328	-5.4399	-25.3556	-5.37777	-2.50435	4.09557
1477010461900000	-25.4847	-5.15167	4.84786	2.13704	-0.430822	lidar	0.588755	-25.5713	-5.10241	-25.4779	-5.1713	-2.39109	4.16322
1477010461950000	-25.6133	-4.98	4.79837	2.14508	-0.33867	radar	5.66598	-25.0178	-6.55904	-25.5946	-4.96152	-2.27613	4.22781
1477010462000000	-25.7303	-4.82223	4.70279	2.13822	-0.325219	lidar	0.494903	-25.6952	-4.89995	-25.7055	-4.7486	-2.15956	4.2893
1477010462050000	-25.8476	-4.61704	4.70275	2.11259	-0.352658	radar	0.155758	-25.8162	-4.40681	-25.8105	-4.53268	-2.04149	4.34764
1477010462100000	-25.9677	-4.36231	4.80367	2.07922	-0.375484	lidar	0.640707	-25.9516	-4.26659	-25.9096	-4.31392	-1.92202	4.40279
1477010462150000	-26.0736	-4.13615	4.78894	1.99877	-0.612461	radar	11.563	-26.8953	-4.43966	-26.0027	-4.0925	-1.80125	4.45471
1477010462200000	-26.1657	-3.83275	4.9505	1.94277	-0.647824	lidar	1.75797	-26.1198	-3.67723	-26.0897	-3.86856	-1.67928	4.50337
1477010462250000	-26.2415	-3.58927	4.96067	1.87335	-0.783522	radar	2.4341	-26.5652	-3.85723	-26.1706	-3.64227	-1.55623	4.54875
1477010462300000	-26.2609	-3.31988	4.98723	1.80873	-0.817625	lidar	4.00338	-25.9974	-3.24722	-26.2453	-3.41381	-1.4322	4.59081
1477010462350000	-26.3156	-3.07698	4.98708	1.77078	-0.806533	radar	0.0201813	-26.2976	-3.01078	-26.3138	-3.18332	-1.30729	4.62954
1477010462400000	-26.3289	-2.85056	4.92917	1.72163	-0.821834	lidar	1.33763	-26.1741	-2.87885	-26.376	-2.95098	-1.18162	4.66493
1477010462450000	-26.3924	-2.63033	4.88794	1.72354	-0.686076	radar	2.28546	-26.4681	-3.44967	-26.4319	-2.71697	-1.05529	4.69696
1477010462500000	-26.461	-2.50377	4.66351	1.71574	-0.665808	lidar	6.00733	-26.674	-2.73852	-26.4815	-2.48143	-0.928411	4.72562
1477010462550000	-26.5198	-2.26909	4.68188	1.71984	-0.537791	radar	1.45464	-26.657	-1.72382	-26.5247	-2.24456	-0.80109	4.75091
1477010462600000	-26.5688	-2.08215	4.59408	1.70397	-0.526551	lidar	1.07625	-26.6691	-2.17333	-26.5616	-2.0065	-0.673434	4.77284
1477010462650000	-26.6004	-1.84706	4.61055	1.69793	-0.442985	radar	1.88847	-26.3248	-1.32261	-26.5921	-1.76744	-0.545553	4.79141
1477010462700000	-26.6019	-1.59058	4.66087	1.66303	-0.45979	lidar	1.18186	-26.4671	-1.53207	-26.6161	-1.52753	-0.417552	4.80664
1477010462750000	-26.5958	-1.36917	4.63275	1.60629	-0.574825	radar	1.77655	-26.4998	-2.19526	-26.6338	-1.28695	-0.289538	4.81852
1477010462800000	-26.6005	-1.13955	4.62904	1.57758	-0.574841	lidar	0.000729249	-26.5998	-1.14277	-26.6451	-1.04586	-0.161616	4.8271
1477010462850000	-26.6304	-0.920996	4.60673	1.56782	-0.536224	radar	5.13075	-27.2008	-1.67679	-26.65	-0.804425	-0.0338883	4.83238
1477010462900000	-26.6448	-0.657573	4.68276	1.54767	-0.52516	lidar	0.702959	-26.7355	-0.59539	-26.6485	-0.562811	0.0935412	4.83439
1477010462950000	-26.6307	-0.416213	4.70659	1.49543	-0.626778	radar	2.33486	-26.9891	0.0351487	-26.6406	-0.321181	0.220572	4.83317
1477010463000000	-26.5848	-0.0990984	4.88561	1.45299	-0.637284	lidar	2.60327	-26.4553	0.0602653	-26.6264	-0.0796947	0.347104	4.82874
1477010463050000	-26.5666	0.142832	4.8887	1.42361	-0.644737	radar	2.73878	-26.9537	0.136943	-26.6059	0.161489	0.473041	4.82116
1477010463100000	-26.542	0.450375	5.03331	1.39988	-0.62804	lidar	1.39533	-26.6201	0.57588	-26.5792	0.402213	0.598287	4.81045
1477010463150000	-26.5316	0.694204	5.00956	1.40694	-0.508343	radar	1.80562	-26.8241	0.381506	-26.5462	0.642323	0.722748	4.79667
1477010463200000	-26.5268	0.981688	5.09531	1.39993	-0.48123	lidar	2.59673	-26.7293	1.06082	-26.5069	0.881666	0.846334	4.77986
1477010463250000	-26.4865	1.25704	5.13764	1.40712	-0.356544	radar	6.02782	-25.9562	2.60409	-26.4616	1.12009	0.968955	4.76007
1477010463300000	-26.4358	1.47976	5.07345	1.38454	-0.364093	lidar	0.297424	-26.3986	1.42212	-26.4101	1.35745	1.09053	4.73737
1477010463350000	-26.3931	1.69429	4.99725	1.36809	-0.357735	radar	8.27655	-26.5072	-0.563928	-26.3526	1.59361	1.21096	4.71181
1477010463400000	-26.3452	1.88812	4.88772	1.34818	-0.361467	lidar	0.624693	-26.3594	1.79315	-26.2891	1.82841	1.33018	4.68345
1477010463450000	-26.2732	2.11768	4.88453	1.30317	-0.45773	radar	0.66027	-26.3475	1.82827	-26.2197	2.06173	1.44811	4.65235
1477010463500000	-26.2156	2.29403	4.7564	1.27874	-0.461179	lidar	0.880395	-26.2502	2.18481	-26.1444	2.29342	1.56467	4.61859
1477010463550000	-26.1518	2.51809	4.73933	1.27064	-0.404332	radar	0.394361	-26.069	2.27896	-26.0633	2.52336	1.67979	4.58223
1477010463600000	-26.0761	2.7656	4.78785	1.25164	-0.4016	lidar	0.12506	-26.0641	2.80701	-25.9765	2.75141	1.79339	4.54334
1477010463650000	-25.9781	2.98499	4.80757	1.18243	-0.584128	radar	3.14949	-26.3234	3.02388	-25.8841	2.97746	1.90543	4.502
1477010463700000	-25.8717	3.28047	4.97134	1.15911	-0.571888	lidar	1.4107	-25.8345	3.42005	-25.7861	3.20139	2.01582	4.45828
1477010463750000	-25.7898	3.5127	4.97233	1.14163	-0.550992	radar	2.09471	-26.1824	3.73376	-25.6826	3.42306	2.12452	4.41227
1477010463800000	-25.6829	3.70232	4.89978	1.10762	-0.562546	lidar	0.317184	-25.6666	3.63509	-25.5737	3.64239	2.23146	4.36404
1477010463850000	-25.5679	3.90638	4.87367	1.07564	-0.569295	radar	1.1057	-25.5773	3.13316	-25.4596	3.85924	2.3366	4.31367
1477010463900000	-25.5018	4.07054	4.74125	1.05665	-0.561588	lidar	3.67292	-25.7492	3.99968	-25.3402	4.07353	2.43989	4.26125
1477010463950000	-25.381	4.26653	4.72227	1.02806	-0.556884	radar	0.567164	-25.3516	3.75691	-25.2157	4.28514	2.54127	4.20686
1477010464000000	-25.2161	4.49424	4.80636	0.991827	-0.565216	lidar	2.12663	-25.0214	4.52803	-25.0863	4.49399	2.64071	4.15058
1477010464050000	-25.0676	4.6895	4.77753	0.981835	-0.468808	radar	9.09288	-24.2719	4.30917	-24.9518	4.69998	2.73817	4.09251
1477010464100000	-24.9502	4.88304	4.75734	0.963687	-0.462161	lidar	0.395247	-25.0363	4.88499	-24.8126	4.90303	2.83361	4.03273
1477010464150000	-24.794	5.07124	4.76073	0.933345	-0.468908	radar	2.3144	-24.3609	4.95947	-24.6686	5.10304	2.92701	3.97132
1477010464200000	-24.6233	5.29753	4.85581	0.91114	-0.463571	lidar	1.00236	-24.5041	5.35293	-24.5201	5.29995	3.01833	3.90839
1477010464250000	-24.4508	5.47076	4.87393	0.852481	-0.577546	radar	0.796862	-24.4379	5.24592	-24.367	5.49367	3.10754	3.84401
1477010464300000	-24.2608	5.64372	4.88494	0.811814	-0.593575	lidar	1.16753	-24.1159	5.61152	-24.2095	5.68414	3.19464	3.77827
1477010464350000	-24.0982	5.79805	4.85222	0.770394	-0.633386	radar	2.9655	-24.5638	4.75836	-24.0477	5.8713	3.27959	3.71127
1477010464400000	-23.9216	5.95725	4.83987	0.736147	-0.637669	lidar	0.0141287	-23.9153	5.94377	-23.8818	6.05508	3.36239	3.64309
1477010464450000	-23.7808	6.14867	4.74716	0.781569	-0.376723	radar	4.60713	-23.5491	6.44495	-23.7117	6.23542	3.44302	3.57383
1477010464500000	-23.6183	6.30457	4.72251	0.761041	-0.380502	lidar	0.0598187	-23.6471	6.29102	-23.5377	6.41227	3.52148	3.50357
1477010464550000	-23.4683	6.47888	4.70239	0.76546	-0.315054	radar	1.1957	-23.7544	6.53746	-23.3598	6.58559	3.59775	3.4324
1477010464600000	-23.24	6.73134	4.9262	0.768768	-0.279196	lidar	4.23147	-23.0099	6.86182	-23.1781	6.75533	3.67185	3.36041
1477010464650000	-23.0415	6.86835	4.89808	0.732131	-0.321621	radar	5.57424	-22.7862	5.74143	-22.9928	6.92146	3.74376	3.28768
1477010464700000	-22.8298	7.04933	4.96496	0.715153	-0.321396	lidar	0.946331	-22.6991	7.063	-22.804	7.08393	3.8135	3.21431
1477010464750000	-22.6138	7.1819	4.98314	0.659338	-0.435044	radar	2.00699	-22.418	6.76159	-22.6117	7.24273	3.88106	3.14038
1477010464800000	-22.4328	7.32172	4.94361	0.63783	-0.435743	lidar	0.315482	-22.5083	7.31524	-22.4161	7.39782	3.94647	3.06598
1477010464850000	-22.1996	7.44974	5.03069	0.563651	-0.613493	radar	2.37768	-22.0543	7.85452	-22.2173	7.54917	4.00974	2.99118
1477010464900000	-22.0162	7.60953	5.03445	0.552242	-0.585956	lidar	2.09032	-22.1947	7.69478	-22.0154	7.69679	4.07087	2.91607
1477010464950000	-21.8307	7.79265	5.00386	0.586645	-0.398893	radar	5.72729	-21.6178	9.0351	-21.8105	7.84064	4.12989	2.84074
1477010465000000	-21.6256	7.9316	5.00215	0.568658	-0.396038	lidar	0.0286421	-21.6473	7.94	-21.6026	7.98072	4.18681	2.76526
1477010465050000	-21.4341	8.06758	4.96788	0.560935	-0.362447	radar	1.51713	-21.8637	7.78661	-21.392	8.11703	4.24166	2.68971
1477010465100000	-21.2207	8.07599	4.79077	0.486779	-0.451458	lidar	4.79121	-21.0853	7.83229	-21.1787	8.24957	4.29447	2.61417
1477010465150000	-21.0275	8.23851	4.75313	0.528769	-0.255794	radar	5.16535	-20.5503	9.28616	-20.9628	8.37833	4.34526	2.53871
1477010465200000	-20.8541	8.39765	4.76465	0.54197	-0.215362	lidar	2.77927	-21.0519	8.50983	-20.7444	8.50333	4.39406	2.46341
1477010465250000	-20.6081	8.5023	4.86444	0.478776	-0.385605	radar	5.31014	-19.9265	9.40847	-20.5237	8.62457	4.4409	2.38835
1477010465300000	-20.3535	8.65148	4.97616	0.470921	-0.365752	lidar	1.28781	-20.21	8.68914	-20.3006	8.74206	4.48582	2.31358
1477010465350000	-20.1528	8.7902	4.92909	0.495864	-0.233393	radar	1.08185	-20.2277	8.8532	-20.0753	8.85583	4.52884	2.23919
1477010465400000	-19.9623	8.88384	4.85859	0.477968	-0.244393	lidar	0.599506	-20.0633	8.86724	-19.848	8.96589	4.57001	2.16524
1477010465450000	-19.7611	9.00443	4.82179	0.488022	-0.172531	radar	0.531781	-19.9264	8.78179	-19.6186	9.07227	4.60937	2.09179
1477010465500000	-19.5474	9.06894	4.75907	0.456061	-0.208164	lidar	0.852214	-19.4861	8.96665	-19.3873	9.17499	4.64694	2.01891
1477010465550000	-19.3007	9.1784	4.85986	0.422058	-0.296596	radar	4.92385	-18.5719	10.2069	-19.1542	9.27409	4.68278	1.94666
1477010465600000	-19.0089	9.27732	4.97183	0.396273	-0.310366	lidar	6.19816	-18.6786	9.19191	-18.9193	9.36959	4.71692	1.8751
1477010465650000	-18.7919	9.35819	4.94879	0.369164	-0.346684	radar	1.72734	-19.2825	8.98189	-18.6827	9.46154	4.7494	1.80429
1477010465700000	-18.5327	9.46445	5.01801	0.357233	-0.33652	lidar	0.664865	-18.4242	9.46852	-18.4446	9.54996	4.78028	1.73429
1477010465750000	-18.2676	9.48712	5.06525	0.27008	-0.532939	radar	5.25304	-18.1634	8.72444	-18.2049	9.63492	4.80959	1.66514
1477010465800000	-17.959	9.63228	5.26597	0.277439	-0.474458	lidar	2.76792	-17.7736	9.72478	-17.9639	9.71643	4.83737	1.59691
1477010465850000	-17.7087	9.7403	5.22351	0.306266	-0.30683	radar	3.22007	-17.2296	9.97767	-17.7214	9.79457	4.86368	1.52964
1477010465900000	-17.4308	9.84983	5.3076	0.30513	-0.281879	lidar	0.539167	-17.3436	9.88109	-17.4777	9.86936	4.88856	1.46338
1477010465950000	-17.1772	9.9343	5.32277	0.290923	-0.290757	radar	0.363833	-17.1554	10.212	-17.2328	9.94087	4.91205	1.39818
1477010466000000	-16.9031	10.0587	5.40865	0.299818	-0.253585	lidar	0.544975	-16.8876	10.145	-16.9868	10.0091	4.93421	1.33408
1477010466050000	-16.6421	10.133	5.41336	0.282727	-0.2658	radar	0.0399159	-16.5958	10.1078	-16.7396	10.0743	4.95507	1.27113
1477010466100000	-16.4008	10.229	5.40439	0.281457	-0.248491	lidar	1.04	-16.5153	10.3091	-16.4915	10.1362	4.97469	1.20937
1477010466150000	-16.1376	10.304	5.42843	0.261687	-0.280708	radar	0.429891	-16.09	10.5824	-16.2424	10.1952	4.99311	1.14883
1477010466200000	-15.921	10.2987	5.27311	0.215145	-0.331129	lidar	1.44962	-16.006	10.1843	-15.9924	10.2511	5.01039	1.08956
1477010466250000	-15.672	10.3674	5.245	0.217165	-0.272348	radar	0.270779	-15.7234	10.41	-15.7416	10.3041	5.02655	1.03159
1477010466300000	-15.4719	10.3319	5.05949	0.161328	-0.341954	lidar	2.12917	-15.5699	10.1904	-15.4899	10.3543	5.04166	0.974957
1477010466350000	-15.171	10.3588	5.22104	0.107428	-0.474411	radar	7.25242	-14.2385	10.9109	-15.2376	10.4016	5.05576	0.919692
1477010466400000	-14.9085	10.4103	5.24931	0.097311	-0.451656	lidar	0.27243	-14.9365	10.4722	-14.9846	10.4462	5.06889	0.865828
1477010466450000	-14.6705	10.4461	5.09778	0.123515	-0.265171	radar	6.75855	-14.724	9.63507	-14.7309	10.4882	5.0811	0.813394
1477010466500000	-14.4425	10.3942	4.98992	0.0656937	-0.341531	lidar	1.95951	-14.4088	10.222	-14.4766	10.5276	5.09243	0.762418
1477010466550000	-14.1845	10.4165	5.00335	0.0562964	-0.31964	radar	0.573991	-13.9005	10.5238	-14.2218	10.5645	5.10293	0.712926
1477010466600000	-13.8509	10.6089	5.28087	0.143235	-0.140878	lidar	7.72337	-13.8049	10.9383	-13.9665	10.5989	5.11263	0.664944
1477010466650000	-13.5856	10.6827	5.27241	0.178504	-0.0185438	radar	0.872668	-13.3956	10.7857	-13.7107	10.631	5.12159	0.618496
1477010466700000	-13.3518	10.671	5.18264	0.146354	-0.0674088	lidar	0.949733	-13.3556	10.5517	-13.4545	10.6608	5.12983	0.573603
1477010466750000	-13.0867	10.6914	5.22058	0.11767	-0.148193	radar	0.545975	-12.9374	10.8137	-13.1979	10.6884	5.13741	0.530288
1477010466800000	-12.8291	10.7953	5.27323	0.147817	-0.0920206	lidar	3.50629	-12.9591	11.0099	-12.9409	10.7138	5.14436	0.48857
1477010466850000	-12.5564	10.8505	5.31261	0.150225	-0.0853766	radar	1.0696	-12.2518	11.2495	-12.6836	10.7373	5.15071	0.448467
1477010466900000	-12.3412	10.7998	5.15497	0.101376	-0.15132	lidar	2.48326	-12.3713	10.6091	-12.426	10.7587	5.15651	0.409997
1477010466950000	-12.0815	10.8379	5.15534	0.107745	-0.109706	radar	0.233765	-11.9352	10.9161	-12.1681	10.7783	5.16179	0.373177
1477010467000000	-11.8356	10.9069	5.16692	0.122945	-0.07822	lidar	1.77718	-11.9451	11.0515	-11.91	10.7961	5.16658	0.338022
1477010467050000	-11.5529	10.9277	5.22916	0.10402	-0.126785	radar	2.80911	-10.9703	10.9676	-11.6516	10.8121	5.17092	0.304546
1477010467100000	-11.3348	10.9342	5.13456	0.0871758	-0.143305	lidar	0.857348	-11.4548	10.9407	-11.393	10.8265	5.17484	0.272761
1477010467150000	-11.0762	10.8538	5.20648	-0.0413289	-0.515626	radar	8.26927	-11.3472	10.5111	-11.1342	10.8394	5.17836	0.242681
1477010467200000	-10.7777	10.8196	5.27097	-0.0756361	-0.526364	lidar	2.66152	-10.6009	10.6823	-10.8753	10.8509	5.18153	0.214317
1477010467250000	-10.5297	10.8151	5.20397	-0.0771478	-0.444142	radar	0.701954	-10.6563	10.8369	-10.6161	10.8609	5.18435	0.187679
1477010467300000	-10.2998	10.7998	5.15149	-0.0981049	-0.444562	lidar	1.00029	-10.4142	10.8747	-10.3569	10.8697	5.18687	0.162776
1477010467350000	-10.0507	10.8637	5.01603	-0.0147757	-0.123592	radar	7.29652	-9.90413	11.2255	-10.0976	10.8772	5.1891	0.139618
1477010467400000	-9.7827	10.9235	5.0798	0.0153675	-0.061799	lidar	2.02204	-9.83445	11.1032	-9.83809	10.8837	5.19106	0.118212
1477010467450000	-9.56481	10.8903	4.99884	-0.0141357	-0.113818	radar	3.87765	-10.195	10.3498	-9.57852	10.8891	5.19278	0.0985664
1477010467500000	-9.29786	10.9262	5.05212	0.00191739	-0.0804	lidar	0.711645	-9.3066	11.0348	-9.31887	10.8936	5.19428	0.0806865
1477010467550000	-9.05897	10.8989	5.00812	-0.014866	-0.0932906	radar	2.47882	-9.2226	10.3527	-9.05915	10.8972	5.19557	0.0645787
1477010467600000	-8.78627	10.9412	5.07559	0.00520365	-0.0565761	lidar	1.00793	-8.78899	11.0707	-8.79937	10.9001	5.19667	0.050248
1477010467650000	-8.55683	10.8877	5.00936	-0.031687	-0.119619	radar	6.44305	-8.83914	10.0319	-8.53953	10.9023	5.19759	0.0376992
1477010467700000	-8.41395	10.796	4.75302	-0.08603	-0.190199	lidar	4.2407	-8.62045	10.6577	-8.27965	10.9039	5.19835	0.0269359
1477010467750000	-8.16502	10.8075	4.76285	-0.0654953	-0.11079	radar	1.3585	-7.91543	11.1157	-8.01974	10.905	5.19896	0.0179617
1477010467800000	-7.79435	10.8809	5.06992	-0.0123993	-0.0149249	lidar	6.09159	-7.51971	11.0005	-7.75979	10.9057	5.19942	0.0107791
1477010467850000	-7.52755	10.8818	5.08452	0.00122065	0.0360243	radar	1.55825	-7.25987	10.6458	-7.49981	10.9061	5.19975	0.00539029
1477010467900000	-7.24713	10.8778	5.13704	0.00260423	0.0353028	lidar	0.663336	-7.15631	10.815	-7.23983	10.9063	5.19994	0.00179692
1477010467950000	-7.00811	10.9095	5.08631	0.0403613	0.146882	radar	2.14857	-7.39396	11.0181	-6.97983	10.9064	5.2	-7.84874e-15
